(1578034370009,1499)
(1578034372019,3278)
(1578034374030,3640)
(1578034376039,3698)
(1578034378050,3897)
(1578034380061,4249)
(1578034382074,3834)
(1578034383983,3615)
(1578034385994,4169)
(1578034388004,4129)
(1578034390015,3597)
(1578034391925,3685)
(1578034394036,3695)
(1578034396047,3508)
(1578034398059,3739)
(1578034400068,3769)
(1578034401981,3461)
(1578034403990,3809)
(1578034405998,4013)
(1578034408007,3630)
(1578034410016,3862)
(1578034412024,3888)
(1578034414034,3895)
(1578034416043,3681)
(1578034418052,3810)
(1578034419962,3897)
(1578034422073,3531)
(1578034424084,3402)
(1578034425994,3392)
(1578034427201,2970)
(1578034427201,1174)
